File: C:\WMPC\DATA\!B423940.256


BOX:  6 SUBJECT:      256 EXPERIMENT:      282 GROUP:        1 MSN:   COC103
START: 04/23/17  09:40:17  END: 04/23/01  12:17:46
B:     0.0
F:     1.0
L:   730.6
M:   730.6
N:     1.0
P:   500.0
Q:   151.3
W:   282.0
X:    38.0
A:
     0:      1.0      1.0      3.0    256.0  10423.0      0.0    282.0      1.0      1.0      0.0
    10:      0.0      0.0    200.0      6.0  35186.0  64800.0  43200.0  43200.0  44264.3     23.2
    20:      0.0      0.0      0.0      0.0      1.0      3.9     72.5      0.0   5000.0   5000.0
    30:    480.0     13.0      0.0      1.0      0.0      0.4    600.0    166.7      0.0    120.0
    40:     60.0      0.3      0.0      0.0     25.0   6000.0   2951.6      0.0      0.0   1877.0
    50: 20000010      0.0      0.0      0.0      0.0    500.0    500.0      0.0      0.0     44.0
C:
     0:      0.0      0.0      0.0      0.0      0.0      0.7    168.7    497.4    478.4    853.8
    10:    969.5    900.1    954.8   1294.6   1387.9   1266.1   1748.2   1576.2   1650.6   2054.8
    20:   2020.2   2497.0   2143.3   2618.7   2479.5   2951.6     24.0    520.5    516.0   1006.7
    30:    524.1   1015.9    977.0    929.6   1417.1      1.7      0.0      0.0
D:
     0:     10.0     25.0     50.0    100.0    250.0    500.0   1000.0   1500.0   3000.0   4000.0
E:
     0:      0.0      1.0 21030010 21030020 60000000 61030111 61030001 60020220 61030111 61030002
    10: 60020220 61030111 61030001 61030001 60020220 61030111 60020220 61030111 61030001 60020220
    20: 61030111 60020220 61030111 60020220 61030111 60020220 61030115 60020220 61030115 60020220
    30: 61030111 60020220 60020002 61030111 60020220 99999997 99999998 99999999
G:
     0:      1.0      2.0      5.0     10.0     25.0    100.0
H:
     0:      1.0      2.0      5.0     10.0     25.0    100.0
I:
     0:    100.0    150.0    200.0    250.0    300.0    350.0    400.0    450.0    500.0    600.0
J:
     0:     75.0     25.0      0.0      0.0      0.0      0.0
K:
     0:     10.0      0.0     32.0     33.0      1.0  38600.0      1.0  38749.0     20.0  90783.0
    10:      0.0      0.0      0.0      0.0      0.0      0.0      0.0      0.0      0.0      0.0
    20:      0.0      0.0      0.0      0.0      0.0      0.0      0.0      0.0      0.0      0.0
O:
     0:    100.0    500.0      0.0      0.0      0.0      0.0
R:
     0:      0.0      0.0      0.0      0.0      0.0      0.0      0.0      0.0      0.0      0.0
    10:      0.0      0.0      0.0      0.0      0.0      0.0      0.0      0.0      0.0      0.0
    20:     10.0      4.0      1.0      1.0      0.0      0.0      0.0      0.0      0.0      0.0
    30:      0.0      0.0      0.0      0.0      0.0      0.0      0.0      0.0      0.0      0.0
S:
     0:      0.0      0.0      0.0      0.0      0.0      0.0      0.0      0.0      0.0      0.0
    10:      0.0      0.0      0.0      0.0      0.0      0.0      0.0      0.0      0.0      0.0
    20:     10.0      0.0      2.0      0.0      0.0      0.0      0.0      0.0      0.0      0.0
    30:      0.0      0.0      0.0      0.0      0.0      0.0      0.0      0.0      0.0      0.0
T:
     0:  10423.0  35186.0      0.0      3.3      3.4     77.0     79.5     84.3    112.9    118.5
    10:    120.2    172.2    173.0    178.1    179.5    243.9    251.3    323.9    325.0    331.2
    20:    343.6    350.9    456.3    463.6    501.4    508.8   3860.0   3867.3   3874.9   3882.3
    30:   4335.5   4342.8   4369.7   4404.2   4411.5   9078.3  10423.0  44266.0
U:
     0:      0.0      0.0      0.0      0.0      0.0      0.0      0.0      0.0      0.0      0.0
    10:   6000.0      0.0    500.0   1649.9      0.0   6000.0   2951.6    500.0      0.0      0.0
V:
     0:     77.0    118.4      0.0      0.0      0.0      0.0      0.0      0.0      0.0 8640000.
    10: 8640000.     77.0      0.0      0.0      0.0     77.0    118.4   1878.0      0.0      0.0
Y:
     0:  90783.0  18768.0      1.7   2400.0   1878.0    500.0      0.0     12.0    731.0      0.0
    10:    730.6   9109.0    731.0      0.0  29614.0     10.0      0.0      0.0      0.0      0.0
Z:
     0:      9.0     60.0      0.0     38.0     10.0     38.0      0.0      6.0      6.0     10.0
    10:      6.0     30.0      0.0      0.0      0.0      6.0      0.0      0.0     40.0     40.0
    20:     38.0     20.0     20.0      0.0      0.0      0.0     27.0
